NUMERIC SORT
0.0012688795944
0.0012799002558
0.0012634242424
0.0012619066835
0.0012621412358
STRING SORT
0.0115373793103
0.0115401494253
0.0115556781609
0.0119162976190
0.0115813333333
BITFIELD
0.0000000041310
0.0000000041244
0.0000000041138
0.0000000041499
0.0000000041401
FP EMULATION
0.0130474935065
0.0129228974359
0.0129323589744
0.0129529487179
0.0132126315789
FOURIER
0.0000072038704
0.0000071356214
0.0000072523730
0.0000071664090
0.0000071368901
ASSIGNMENT
0.0330250645161
0.0330201935484
0.0330331290323
0.0331178387097
0.0337074000000
IDEA
0.0001663718033
0.0001667338333
0.0001651362295
0.0001666475410
0.0001652345902
HUFFMAN
0.0005143145000
0.0005134310000
0.0005151315000
0.0005136685000
0.0005342005263
NEURAL NET
0.0549005263158
0.0540219473684
0.0543166315789
0.0545793157895
0.0541645789474
LU DECOMPOSITION
0.0008762714536
0.0008720706190
0.0008715932056
0.0008690668983
0.0008708407311
