../polybench/src/2mm.wasm
301525
707465
324545
290448
291482
376291
303899
302991
500142
308706
296522
290373
295467
294600
304311
300097
302945
../polybench/src/3mm.wasm
423033
422148
417260
480278
417694
420828
397387
465071
396440
430309
398351
418451
423398
409799
409059
417608
417656
422880
406956
401048
../polybench/src/adi.wasm
171762
129306
269756
147961
137856
150506
143009
148347
138087
147350
143317
140072
140084
139250
147447
432530
139628
140899
253189
141466
../polybench/src/bicg.wasm
156124
165151
151721
171017
151554
150546
144469
165279
150941
163902
148704
161578
161456
161819
149764
161332
167924
152186
156794
../polybench/src/cholesky.wasm
1279686
1463195
1249961
1240529
1251857
1207277
1250369
1255416
1244966
1238755
1237815
1214443
1217881
1287497
1887646
1247466
1219746
1288819
../polybench/src/correlation.wasm
148227
147339
143311
569584
154531
143342
359472
175826
140382
138327
155153
150589
154599
152833
137695
154072
139528
146296
149895
135905
../polybench/src/covariance.wasm
305253
304453
311152
306003
308850
303403
294527
299401
300123
363863
298251
301527
304391
297920
494938
302994
300154
303642
../polybench/src/doitgen.wasm
297919
274313
282561
286184
283455
287274
301265
280762
277039
286814
283088
277512
274557
505935
282792
294726
295869
279860
434040
296524
../polybench/src/durbin.wasm
108942
107220
124087
107508
116106
132456
125491
106929
100220
243194
108603
104683
110131
112042
135824
113988
111931
111479
128098
../polybench/src/fdtd-2d.wasm
544425
606956
546169
559879
552980
597977
553889
554080
547128
547621
553029
542266
554096
584148
1604870
547748
563021
543397
548430
../polybench/src/gemm.wasm
334278
336139
343257
334049
340675
335703
391693
400402
855631
408561
335384
342535
336523
347057
352770
339653
335008
337288
../polybench/src/gemver.wasm
181685
175487
173429
168508
179194
172357
179134
192022
215610
181944
189639
166296
180964
174650
173789
189014
177609
356735
167900
180330
../polybench/src/gesummv.wasm
142383
155798
134326
183722
137517
122661
132268
131130
129526
126839
134563
136957
143651
137894
156538
138455
133438
129794
133953
../polybench/src/gramschmidt.wasm
115021
129109
114392
117529
115351
119429
115954
115719
118344
113474
133973
122500
163142
120711
117022
124248
127016
118600
135094
../polybench/src/ludcmp.wasm
1408762
1380289
1401006
2064143
1407404
1406011
1413119
1382888
1407903
1449433
1381148
1410864
1459061
1381363
1417536
1385600
1470732
1409172
1396655
../polybench/src/lu.wasm
1386342
1338124
1365189
1351081
1354910
1424398
1353834
1348943
1385024
1361391
1387217
1384025
1351669
1367537
1345716
1349532
1358779
1350684
1352885
../polybench/src/mvt.wasm
128508
130442
135180
321580
336736
123284
313661
129786
130212
139257
128130
148277
133562
155066
132459
139695
130434
133646
../polybench/src/seidel-2d.wasm
129178
128179
129926
124978
129840
133195
129733
140986
129703
347375
130381
129190
129511
134621
127231
128466
125982
324452
128702
../polybench/src/symm.wasm
235683
300118
246797
230644
237447
239997
242168
242629
234542
235611
237284
233929
233760
233285
238267
241804
230945
455460
268159
232591
../polybench/src/syr2k.wasm
324212
320731
315458
316778
326632
319731
314948
319723
323093
320156
317733
314578
323866
312880
310048
316268
308782
324615
323819
332456
../polybench/src/syrk.wasm
264447
249985
466769
254539
252726
313127
267681
244915
248625
260551
238636
252863
249319
243150
261235
252107
255295
../polybench/src/trisolv.wasm
119964
115331
106798
121938
104843
111545
118195
104451
116462
106758
98744
144759
102604
120283
105511
100438
105645
110690
116188
105191
../polybench/src/trmm.wasm
92650
98074
92804
98293
99605
104365
108134
95814
101339
89430
105740
101526
97507
305178
94889
100955
92253
104867
92374
