../polybench/src/2mm.wasm
294726
295380
289024
299232
285218
345876
298485
286835
302782
322966
289529
298134
310941
292613
303466
549047
309330
305663
300493
346359
../polybench/src/3mm.wasm
420101
436519
411300
412407
391674
405117
856201
423522
422226
413623
412460
416238
416872
412304
417624
415601
413281
412067
393431
408938
../polybench/src/adi.wasm
148521
137550
143323
141445
137819
144295
139707
138701
143255
214099
140960
140193
141066
137696
140847
152859
140751
145608
149985
142920
../polybench/src/bicg.wasm
143210
152329
157128
157053
151365
150649
152747
151029
149432
143601
149719
154173
163153
147760
156806
151272
147602
162778
156665
150993
../polybench/src/cholesky.wasm
1467536
1252769
1311289
1238733
1245438
1210885
1241513
1212948
1241188
1239187
1210944
1239834
1373596
1212167
1212378
1238495
1303804
1289482
1242770
1221486
../polybench/src/correlation.wasm
148598
146619
151888
146778
154927
138425
198390
146534
148895
145751
148012
150365
153314
146487
149999
154372
145423
152706
136593
150976
../polybench/src/covariance.wasm
307537
372660
309651
308139
299047
301756
311337
301338
298009
297005
302359
299377
300350
303140
305536
297999
438882
296973
301089
300960
../polybench/src/doitgen.wasm
278683
294024
278628
293202
281157
308038
293962
290397
289663
278857
283122
288497
279903
279095
282406
279813
284874
274760
286431
287288
../polybench/src/durbin.wasm
108053
121724
104559
112877
109236
108665
116769
109289
107738
106038
112236
107889
108724
114014
107265
102106
114025
112694
117413
106577
../polybench/src/fdtd-2d.wasm
543753
550984
553382
562152
550779
560668
544178
545777
558264
547126
548949
544715
546364
546376
561314
551734
582181
557554
546919
561600
../polybench/src/gemm.wasm
332490
336902
329643
336460
336593
341724
343338
333783
475680
345076
339632
361168
383423
337070
338476
335536
340515
341143
333548
325371
../polybench/src/gemver.wasm
186117
168728
177208
180215
170619
170668
224055
177748
174167
173232
176154
166149
179065
169410
174891
184404
174320
177030
182519
165624
../polybench/src/gesummv.wasm
137216
139272
130417
132795
132769
144566
137808
304211
127535
128408
145202
148622
141611
133513
136711
129786
140066
133309
134010
134623
../polybench/src/gramschmidt.wasm
125228
117594
122856
119050
112545
370114
122011
120485
117443
119761
134465
179697
114202
131330
110222
122289
119717
116570
114054
121567
../polybench/src/ludcmp.wasm
1453045
1380462
1417783
1373297
1411424
2100425
1375018
1435943
1391799
1385869
1384811
2036129
1377374
1422380
1383140
1463074
1396606
1464654
1411651
1384694
../polybench/src/lu.wasm
1384757
1379497
1381541
1354426
1338935
1473429
1410267
1374526
1425413
1388172
1359328
1354559
1454753
1382339
1378700
1389286
1419827
1349010
1357074
1413899
../polybench/src/mvt.wasm
133006
135076
135096
124015
133459
140451
126187
134962
134937
130304
293511
144672
129741
127909
134307
136717
129589
138906
129975
132806
../polybench/src/seidel-2d.wasm
131240
164224
127245
130447
130152
132169
132056
126206
137089
128080
133477
128738
127126
128068
132066
128259
136055
131917
133609
125875
../polybench/src/symm.wasm
229363
223179
237813
242644
233410
236674
223624
236014
230568
224141
231350
232050
229415
229523
229303
228104
230374
243133
231151
231352
../polybench/src/syr2k.wasm
316674
307644
320954
320069
315515
544381
323525
325716
315463
312139
375142
318331
328117
392171
323283
322330
309504
315458
723673
318722
../polybench/src/syrk.wasm
248675
244994
255608
262606
249454
257638
256701
325540
245235
247740
438869
245100
251386
252018
258385
263446
249586
250912
246357
237206
../polybench/src/trisolv.wasm
117085
107548
116471
107559
109980
114599
109640
108745
115200
113907
123942
109031
106501
117300
96109
107747
101445
109826
107297
108224
../polybench/src/trmm.wasm
96333
95966
91934
103238
98843
99249
102707
102789
98943
98688
111566
102868
94764
90264
94701
97666
307697
101964
97741
90763
