../polybench/src/2mm.wasm
251451
250638
244477
235375
237847
233856
240513
239807
235530
238467
233983
233665
234922
242312
234272
242709
235343
241297
239382
241912
../polybench/src/3mm.wasm
342409
349536
340990
354703
347577
341612
350124
352452
347677
340844
341095
348397
350010
349626
350668
344571
354446
352468
345653
353629
../polybench/src/adi.wasm
805195
787748
807689
789407
807677
789962
807758
790169
791157
806287
793605
789606
797261
809599
810226
806042
805644
786935
847833
786317
../polybench/src/bicg.wasm
97752
94914
94181
124569
93363
209067
94080
91681
92655
94755
92871
95930
94094
98469
96703
93817
92816
92179
97948
98575
../polybench/src/cholesky.wasm
1262348
1286924
1255872
1259801
1237534
1256834
1258284
1259249
1261567
1287169
1265648
1230486
1259487
1261288
1257794
1232269
1261469
1257560
1232565
1259748
../polybench/src/correlation.wasm
229972
234013
235458
244388
270961
242139
243694
237942
244996
250740
239734
237964
237151
240207
238682
237958
238080
237813
230789
232979
../polybench/src/covariance.wasm
236254
234741
238937
242862
252881
239175
241530
245332
270644
240909
241122
341033
235835
235646
240362
239310
239619
240708
239394
241826
../polybench/src/doitgen.wasm
224904
222089
229525
228968
229735
229039
224466
230282
231126
223167
229368
226850
227050
232923
228067
226834
229115
229188
229320
227370
../polybench/src/durbin.wasm
61783
60704
63308
62127
64412
63314
66236
63269
73301
83784
64951
64885
61451
61956
66158
64678
63332
61026
61745
62069
../polybench/src/fdtd-2d.wasm
753116
767592
768606
752454
749276
899772
753109
751784
752214
750780
795707
903047
769477
766443
749934
768238
768537
769306
837229
752671
../polybench/src/gemm.wasm
285038
281125
283621
288728
287045
282329
288231
283898
281653
281748
288113
282967
281589
281890
291713
290931
300545
298628
287268
290798
../polybench/src/gemver.wasm
140406
139790
138105
137844
140346
138036
135273
141064
141790
141036
136554
135997
141893
140290
138497
139176
140024
145183
139509
135734
../polybench/src/gesummv.wasm
82011
82694
77499
77479
78028
80959
98222
79832
76304
80140
81777
211485
80595
76710
78092
75125
78903
189950
77181
81073
../polybench/src/gramschmidt.wasm
336376
333604
330237
337766
337515
341013
328958
367347
335371
337554
336788
329596
336509
336650
339108
333491
329326
333078
389263
337402
../polybench/src/ludcmp.wasm
1430736
1340283
1415866
2242865
1372968
1377123
1374315
1371630
1376781
1345543
1504585
1375761
1342433
1372362
1399461
1482837
1377334
1346798
1377087
1379411
../polybench/src/lu.wasm
1369948
1441197
1372955
1398373
1374003
1407045
1400223
1402358
1398385
1613022
1369123
1371956
1399046
1520235
1400913
1397938
1569445
1482101
1370683
1373426
../polybench/src/mvt.wasm
98845
105102
104583
97606
111091
110749
98584
148644
99746
98038
102216
98263
99265
99530
102902
97725
100289
102194
141637
118370
../polybench/src/seidel-2d.wasm
1415211
1415476
1385118
1466467
1413833
1382591
1414935
1381579
1521323
1414659
1386752
1415016
1382273
1383468
1445531
1382595
1416677
1382731
1443603
1382169
../polybench/src/symm.wasm
181895
179654
183524
194001
202610
178759
180735
181603
182811
177114
183441
181668
179990
315330
259382
183249
183249
179920
180232
180870
../polybench/src/syr2k.wasm
261027
264840
269894
268362
268140
267102
265616
267923
265020
395468
265615
270295
264930
264836
302243
267026
267955
261007
398348
266815
../polybench/src/syrk.wasm
202533
197653
202441
202506
204215
350467
197824
201769
198923
204901
202852
197963
203109
205402
202107
201674
196044
202139
204955
202899
../polybench/src/trisolv.wasm
53983
53532
117574
54556
54670
54273
55966
52947
56764
52299
66850
75478
60751
65625
62658
52553
54476
52737
54250
53876
../polybench/src/trmm.wasm
120822
147117
118189
118232
117791
118922
120172
121043
120710
119662
121047
121416
120833
121584
118779
155078
120436
122500
120882
120243
