Benchmark 1
301454
295619
341918
249980
287283
295108
288803
250838
247921
296623
294446
296857
293996
248443
294028
294087
294978
293845
296386
298954
Benchmark 2
463414
465695
464971
403532
391565
391256
464833
462402
392112
464591
478792
462041
388120
391306
450871
390739
463746
392787
462519
450774
Benchmark 3
888366
732731
887526
784837
749299
748292
806571
887856
732148
886053
748887
890203
886801
887917
748872
775706
885901
886965
933884
747517
Benchmark 4
107319
102051
118176
122888
121086
101865
100230
121243
116565
123431
103980
118457
104927
122369
103360
103606
129023
102071
120056
100930
Benchmark 5
1488519
1442696
1216829
1441276
1439914
1403968
1445090
1474564
1445305
1445140
1443915
1444154
1220100
1441099
1446091
1301949
1216458
1215719
1444253
1213566
Benchmark 6
308543
358869
305574
361170
304214
364147
360699
358690
359404
392706
302832
360726
402907
358614
305968
359770
303221
359647
361097
305232
Benchmark 7
385638
289237
339277
287322
341845
337571
338335
339182
303800
342602
342304
309917
339214
340701
341177
291578
343132
290800
339958
280728
Benchmark 8
267645
266700
224853
228757
269285
226563
267814
268372
227737
269725
274199
266358
226040
268043
268961
266143
230670
267619
261519
222837
Benchmark 9
71684
64408
65548
72555
61437
72362
69954
62660
72977
71293
73425
66923
70865
64484
71137
70624
62773
71650
72275
73277
Benchmark 10
681736
679209
804199
804678
837418
806893
676590
802769
807921
804640
677177
804923
679413
803198
675228
802856
803888
904388
677998
694517
Benchmark 11
287460
340457
341759
288168
340375
337473
288530
337501
287547
338485
290518
286045
401611
279958
339659
284829
340515
340675
338010
339084
Benchmark 12
146372
149363
146135
150037
125795
147165
187843
148250
146992
147119
128233
126527
149896
125471
126881
150173
135143
181793
147825
148810
Benchmark 13
81102
95894
94134
81298
97426
81204
81617
94923
95357
80552
96805
81852
81498
82419
91479
79893
83188
98274
86265
94438
Benchmark 14
450376
448541
450810
389502
419080
448755
446600
448537
378129
452572
445341
458376
379040
377693
384234
445550
525445
449794
449146
378714
Benchmark 15
1486144
1485180
1486100
1252487
1484025
1287217
1485559
1251840
1485502
1483342
1484109
1249098
1525634
1485083
1251473
1485128
1250481
1485370
1250375
1358334
Benchmark 16
1615838
1359971
1619518
1614381
1754782
1620489
1615329
1648276
1359647
1619190
1359394
1661122
1360166
1812501
1643702
1455015
1360687
1613470
1614437
1361124
Benchmark 17
95277
115872
120730
114138
98006
123140
113384
113112
96401
98259
100509
114090
96904
96790
112442
113988
95713
99189
95892
112484
Benchmark 18
1475593
1471284
1468419
1470575
1470141
1471280
1237008
1512511
1471193
1600599
1473822
1239268
1472864
1470917
1502753
1239380
1239354
1470505
1236577
1511374
Benchmark 19
190498
226696
224533
225310
224788
253992
228602
192583
229067
224307
225748
196112
219585
246259
228930
346681
244167
193249
260046
205943
Benchmark 20
265266
259548
259756
260364
261304
258075
260350
270566
261452
257296
262087
259560
259553
261324
258581
258542
261575
259551
259770
261442
Benchmark 21
201360
202837
258304
267215
231249
255337
237077
200224
199886
231712
216372
238957
235829
237429
210505
241001
236881
272256
201324
239520
Benchmark 22
57803
66617
66749
64990
59064
54864
68743
56541
58035
67067
66387
63276
62328
63637
65205
55876
63698
57474
65303
67109
Benchmark 23
144951
177769
168549
169213
170584
170725
187604
144494
171160
145936
171142
168636
170605
148965
169620
196189
169137
169387
171958
145451
