../polybench/src/2mm.wasm
233395
232294
231917
236561
232428
239506
230093
236833
235238
231080
236176
235918
237244
232529
237598
234404
231167
235504
232501
373464
../polybench/src/3mm.wasm
346392
338641
336225
343742
349265
344744
340542
337885
347570
342220
349245
349423
349740
345730
340517
342646
353278
347367
345187
352224
../polybench/src/adi.wasm
1166614
1142050
1165577
1188412
1143830
1164763
1167248
1141257
1167302
1140567
1138976
1168020
1141777
1140517
1142149
1141919
1141597
1142281
1165534
1164854
../polybench/src/bicg.wasm
94679
94882
95978
97834
97041
92696
96457
96503
94070
96684
92124
95399
92467
92559
92122
94437
92782
94725
96457
91788
../polybench/src/cholesky.wasm
1294640
1232919
1230785
1259612
1260391
1232807
1233457
1228647
1287394
1259734
1256438
1259531
1259864
1258908
1258364
1257761
1294960
1232706
1320524
1233499
../polybench/src/correlation.wasm
240625
239356
241063
238008
235389
240734
233893
240933
238010
371432
234679
239573
233525
233255
232977
238730
233231
273741
245012
238630
../polybench/src/covariance.wasm
246844
241791
239823
241743
235385
301044
235487
234665
241130
235548
235948
240812
240938
241669
243928
241963
241898
235798
239619
236170
../polybench/src/doitgen.wasm
231226
224914
310762
227049
227307
231974
232543
231879
232822
233518
232685
224750
231497
227291
234082
235156
233816
227227
228343
232480
../polybench/src/durbin.wasm
70149
73019
71108
71012
72441
71098
67369
68562
70334
68425
69696
70030
72017
68854
74809
70877
71374
71028
67768
70624
../polybench/src/fdtd-2d.wasm
1129538
1128875
1104411
1106026
1103542
1129536
1106406
1182704
1134674
1130436
1129975
1106917
1128541
1132948
1131391
1105266
1133242
1104256
1105270
1130362
../polybench/src/gemm.wasm
296040
287460
285877
287290
288150
280996
290822
281847
280774
286294
288835
280380
287441
286177
287907
281305
280289
287963
287246
286516
../polybench/src/gemver.wasm
139580
137886
139266
139205
142147
140183
165306
137637
140094
139986
141783
141977
135734
139610
135245
137031
135888
137208
137510
139825
../polybench/src/gesummv.wasm
78122
76404
77416
79397
81472
77841
79747
80046
77781
75988
80768
80122
81214
76781
80165
77438
78541
95948
78955
76238
../polybench/src/gramschmidt.wasm
354464
354812
355196
346437
345540
355119
355045
353923
346391
478054
346621
345017
346196
360371
346782
353882
354106
358032
354805
355964
../polybench/src/ludcmp.wasm
1653623
1462572
1487804
1464243
1463762
1464207
1459182
1461296
1431188
1478266
1462747
1457642
1453244
1451057
1432415
1449346
1461369
1483546
1430297
1430376
../polybench/src/lu.wasm
1430512
1433461
1395876
1523908
1431711
1419427
1430432
1433977
1395480
1418663
1398834
1477256
1429215
1432280
1485066
1429768
1400049
1397719
1477571
1483414
../polybench/src/mvt.wasm
104307
106607
103868
106738
106481
105146
102668
101106
98732
98867
104400
102033
103284
103648
98797
104487
103449
103095
102425
101056
../polybench/src/seidel-2d.wasm
2416022
2526988
2463282
2408792
2408211
2410568
2557363
2406759
2407344
2554076
2407516
2464099
2527358
2461486
2409044
2410400
2460810
2409951
2405588
2409489
../polybench/src/symm.wasm
182084
182632
184676
187017
186341
184934
188318
185585
180718
182227
185957
189048
186219
184541
187202
183348
183637
181791
187100
180214
../polybench/src/syr2k.wasm
263562
264029
266268
266960
262319
269955
266243
260354
260919
259330
263777
259934
262599
263037
258696
259710
265333
267131
260927
265447
../polybench/src/syrk.wasm
202014
199168
203752
202666
200029
204255
199518
206315
199689
206734
203919
197804
198466
204555
198713
198598
200359
247356
199207
197068
../polybench/src/trisolv.wasm
57959
53662
55412
54526
57142
58359
55668
57128
54346
54740
58754
54321
56636
54625
55002
54222
58731
59028
53739
53186
../polybench/src/trmm.wasm
144820
140179
137198
138278
140099
138745
138721
139886
138344
138320
137759
141332
141742
138793
139404
142957
141591
140249
141903
142710
