../polybench/src/2mm.wasm
338138
325025
353600
341743
336418
335742
346884
345213
331961
333603
337935
341332
336756
328074
348116
344388
358207
347721
353027
341612
../polybench/src/3mm.wasm
524205
501337
494014
513945
499426
498822
519310
521083
507923
524511
516526
669258
514545
523497
513520
522230
517343
555778
520515
492584
../polybench/src/adi.wasm
156603
167612
167183
159007
165303
156218
168807
155090
218195
163100
157874
161797
164268
154865
167912
154377
162808
161529
160495
155201
../polybench/src/bicg.wasm
123383
125280
121430
120648
124530
123387
123156
121552
125479
122558
123635
122906
118728
124278
127823
122621
127233
124701
125858
126722
../polybench/src/cholesky.wasm
1661539
1705862
1703725
1666708
1806046
1788329
1668043
1669478
1726393
../polybench/src/correlation.wasm
119205
117296
120251
124902
119169
116617
116998
119414
125372
118874
118123
119187
115945
116628
115858
122103
121490
118133
119793
117722
../polybench/src/covariance.wasm
312773
310854
311351
307576
304052
311058
309708
310029
315513
310058
304377
310874
309619
302354
310675
312733
314648
309660
312711
307549
../polybench/src/doitgen.wasm
403892
434883
426807
386756
429323
412229
387782
419622
422615
406570
391674
416045
385399
404815
399688
395411
411921
387557
477868
408525
../polybench/src/durbin.wasm
82912
84460
85142
86295
79639
85984
158520
83306
86267
81224
87884
85390
87206
84356
85428
106671
84338
88499
84471
155390
../polybench/src/fdtd-2d.wasm
673790
677165
651744
686432
686586
668220
667434
659428
662880
645676
686256
669928
801333
674134
679386
665068
674631
661943
700329
649974
../polybench/src/gemm.wasm
405463
409568
407925
383522
384272
385479
384479
395345
400776
398706
404127
392987
405256
410859
378684
409821
410942
394357
386514
392260
../polybench/src/gemver.wasm
161807
161968
166529
167213
184609
162988
160351
155128
160593
207747
163064
165753
167900
159461
158856
165494
157960
163368
160103
162442
../polybench/src/gesummv.wasm
102870
97420
101235
102837
96815
101142
97358
98971
96866
102570
99058
101874
103049
110117
96048
95246
99102
100927
102636
215397
../polybench/src/gramschmidt.wasm
73234
75566
75733
74753
70394
78163
77149
75713
76201
78979
75052
76501
79154
73816
72515
73754
76379
79743
77169
78134
../polybench/src/ludcmp.wasm
2099231
2062590
2057363
2212895
2256309
2184766
2218038
2197825
2256416
2011943
../polybench/src/lu.wasm
1983153
1977809
1974865
1982806
2061578
2027431
2032265
2025311
2005024
2066815
../polybench/src/mvt.wasm
100090
100205
99646
101084
104652
100639
147360
103759
100794
104481
98489
101335
100816
106630
100216
99209
101608
102143
100494
101603
../polybench/src/seidel-2d.wasm
132153
147732
134617
144836
132819
137790
146109
132538
134467
142357
130860
131242
138161
133232
130786
134147
130214
145538
153011
147581
../polybench/src/symm.wasm
402432
386474
400084
417719
405690
426679
397270
397455
354473
400638
363871
401681
396860
411745
388346
405358
408417
353301
407267
436126
../polybench/src/syr2k.wasm
344973
360935
357749
371450
355451
351625
373726
337673
356740
337298
369391
346267
353537
353333
352158
357935
358678
336626
344171
353126
../polybench/src/syrk.wasm
297168
286904
308145
305229
290204
287087
292262
300434
289326
293212
293113
307741
284212
307121
295044
291172
306188
310110
291243
301372
../polybench/src/trisolv.wasm
74427
69457
78070
75254
76268
72821
78557
75978
77754
71330
72171
74230
76541
77774
73969
82008
74657
74942
76316
71760
../polybench/src/trmm.wasm
69157
69113
63581
67614
63499
64742
64519
65869
65953
63338
61077
63466
61592
65402
65289
66168
63563
66484
63270
59939
