../polybench/src/2mm.wasm
346669
321984
331786
336294
368226
336265
341741
337874
335670
332888
337368
330382
341180
344501
337883
334711
325100
337042
342500
339502
../polybench/src/3mm.wasm
498968
516079
508669
515289
507663
526515
511791
516451
484358
510281
508866
512211
480180
525483
503638
514355
501021
527249
509047
487751
../polybench/src/adi.wasm
149597
159320
169275
168354
146946
158672
165343
162987
156717
160107
151690
162685
149548
164395
161410
167982
169245
167676
161179
160982
../polybench/src/bicg.wasm
122914
121741
124493
123852
120138
126726
124654
117191
122073
119549
122914
124441
121667
119059
117328
118867
124012
118713
121191
118069
../polybench/src/cholesky.wasm
1731232
1725119
1737772
1719091
1715363
1767880
1723215
1734367
1775337
../polybench/src/correlation.wasm
117894
117908
116852
115435
110555
113808
116429
111250
116639
119169
119668
112915
121428
119092
113840
113156
120523
117217
117024
117616
../polybench/src/covariance.wasm
312254
312510
311908
300467
301911
310669
308634
303899
305915
354791
306188
302394
302390
308804
310657
304628
311579
309165
315230
322225
../polybench/src/doitgen.wasm
408663
387215
400923
417311
526563
404769
379778
411027
387201
422084
408681
399636
388788
379509
412483
386547
380088
410093
412764
410785
../polybench/src/durbin.wasm
82258
80791
81450
79830
84744
82534
81453
81884
83024
80818
85802
84431
85492
81508
82863
84388
86839
84177
83953
83554
../polybench/src/fdtd-2d.wasm
690254
662786
643437
638798
667313
666899
669894
710500
635445
668279
704260
644939
654388
680937
645012
683099
678157
682154
642310
684842
../polybench/src/gemm.wasm
517824
389138
411143
383214
405767
392450
414237
404079
523642
396127
396994
381401
384300
403170
406828
393599
400148
533620
395594
382622
../polybench/src/gemver.wasm
156837
162624
160121
157160
158101
156696
155368
160901
160443
160455
163995
162712
159554
159757
151042
161148
154259
157963
152611
155203
../polybench/src/gesummv.wasm
98913
94556
99943
94985
100396
102461
97115
102170
97869
101765
98149
99861
94357
97487
96302
94917
98544
103011
99086
100727
../polybench/src/gramschmidt.wasm
72800
72180
79482
73113
73803
73458
75616
70847
73991
72076
76243
76559
69415
73064
72235
72124
74172
72923
106494
74073
../polybench/src/ludcmp.wasm
2012220
2053538
2036282
2012953
2076850
2011205
2047016
2044307
2037949
2003841
../polybench/src/lu.wasm
2087540
2098479
2029561
2076477
2037901
2039041
2040669
2089016
2098493
2033319
../polybench/src/mvt.wasm
99353
103343
99360
98454
100964
97292
96485
99361
100904
102029
101964
107353
101852
98721
99701
100114
98326
99454
96868
99191
../polybench/src/seidel-2d.wasm
130048
126976
128324
129852
134496
126858
143319
129032
138528
143010
148564
131445
126867
146143
127875
134796
146619
130856
135808
130605
../polybench/src/symm.wasm
402112
398821
354673
398897
406338
346998
407627
399628
388291
407396
403113
419711
487415
340956
401094
400589
488620
433897
390750
347037
../polybench/src/syr2k.wasm
343330
347188
392569
360615
337229
333282
354914
350450
356867
361852
340206
363274
353111
335811
338751
356173
353349
334461
390670
441107
../polybench/src/syrk.wasm
289353
296668
286205
282410
294456
291628
301147
303403
299270
288279
302052
307481
283954
295957
305713
285037
298298
287515
283389
307200
../polybench/src/trisolv.wasm
71637
71066
73112
74391
75308
71510
73325
77489
75640
76546
75832
73984
70185
72191
75350
70559
73225
76185
72077
75383
../polybench/src/trmm.wasm
66357
56905
63652
60678
63139
60998
64046
59389
63422
60850
57251
61846
61590
61073
66100
61715
66669
61336
62754
61958
