../polybench/src/2mm.wasm
689352
694085
712337
709951
713521
708096
690521
706732
706741
696780
713889
714332
712075
710057
717518
710369
710715
708752
709997
707855
../polybench/src/3mm.wasm
1149915
1168258
1123164
1121068
1268953
1124687
1094963
1096319
1121551
1117023
1116411
1115227
1122979
1096727
1092340
1118942
1088576
1098502
1097525
1095796
../polybench/src/adi.wasm
159399
162428
170336
160270
154308
160168
156943
154189
156866
155207
156074
155630
151055
158260
154545
163354
155511
158178
154956
163123
../polybench/src/bicg.wasm
148842
149463
153571
151757
151799
154159
152982
149295
159188
157824
201781
154917
155672
159021
155195
152183
147609
151828
156943
155135
../polybench/src/cholesky.wasm
1615650
1573107
1567270
1534368
1564609
1562981
1571813
1531242
1570194
1573942
1565701
1565550
1566117
1531309
1667026
1533171
1572476
1531399
1572924
1536387
../polybench/src/correlation.wasm
253452
225148
229383
229630
227466
226071
229423
226116
227918
231189
226778
228631
225146
231983
226375
225681
224973
228019
222785
248812
../polybench/src/covariance.wasm
740061
790654
754288
758474
876794
755644
753271
757605
753727
755765
754652
759616
764589
754145
758001
756432
756696
754661
739074
758856
../polybench/src/doitgen.wasm
294048
298448
293706
297556
304405
289848
293710
299248
294165
296227
297478
290669
297528
301304
300356
347288
300105
294726
296390
299291
../polybench/src/durbin.wasm
117115
112797
118059
116146
111491
117055
117940
120005
122711
114637
116584
118306
113571
123436
115435
120161
111885
116502
120394
110618
../polybench/src/fdtd-2d.wasm
1365320
1479342
1398467
1394361
1446952
1366054
1397786
1401672
1424178
1397470
1405290
1404888
1442193
1404896
1409394
1397037
1366941
1364658
1394498
1402054
../polybench/src/gemm.wasm
799209
785298
794569
785621
796680
798627
778062
798269
782954
795583
780566
793261
798329
796278
781150
796731
795210
801361
801797
798195
../polybench/src/gemver.wasm
277450
276864
288372
290731
292197
285974
286688
284849
283864
283762
284214
289959
284067
305702
288376
285755
285515
289724
288851
285244
../polybench/src/gesummv.wasm
239245
118061
123586
115417
118298
116898
117604
125481
127161
156193
119729
122615
117916
126020
124839
122486
122985
120865
121285
116351
../polybench/src/gramschmidt.wasm
74164
74443
73395
69159
69739
68226
73266
66963
71207
74950
69489
73202
70427
72738
69001
73135
73261
73777
67453
69730
../polybench/src/ludcmp.wasm
2091135
2149491
2063413
2021815
2014606
2059221
2059948
2066939
2056132
2061458
2069478
2071706
2058847
2149368
2062882
2191821
2056711
2013812
2083582
2056658
../polybench/src/lu.wasm
2047553
2042323
2066764
2047481
2036506
2045245
2068228
1998934
2006309
2043391
2050493
2041379
2148946
2000899
2132705
2044362
2029982
2042250
2043670
2078936
../polybench/src/mvt.wasm
191100
199692
189205
194151
192005
189119
188421
189591
190921
194661
185481
190654
192455
187848
194069
196984
196537
390110
188954
188722
../polybench/src/seidel-2d.wasm
153968
152385
150486
150532
151705
148092
155107
149838
155156
148259
150345
151403
152994
150208
167050
154197
155647
147231
154915
232302
../polybench/src/symm.wasm
399386
410560
414850
414319
412509
413362
398036
407539
405738
399746
415774
416661
422752
415199
403705
398008
427762
398612
408902
412430
../polybench/src/syr2k.wasm
662462
665055
648781
696059
646387
656960
666258
662717
673414
667714
657831
650228
645123
662220
661444
665120
651619
659925
665481
648272
../polybench/src/syrk.wasm
517925
536214
530097
519237
527931
530907
517459
520649
523079
536212
533886
531960
530252
537104
530365
691921
521766
518374
521410
519474
../polybench/src/trisolv.wasm
91292
89711
89425
88811
92603
90728
87343
93002
91786
92440
90915
88308
88904
94079
86934
92283
95208
84642
93096
91268
../polybench/src/trmm.wasm
71455
79790
74645
71696
69994
76927
71436
74242
129285
72667
76972
76614
73397
73691
71981
76243
71376
71223
77752
70506
