../polybench/src/2mm.wasm
696894
706831
694979
694366
712816
713425
710242
689999
707311
690220
692053
694605
708135
705552
707493
694697
709872
708310
709691
709820
../polybench/src/3mm.wasm
1118282
1089167
1093101
1096558
1085607
1088946
1097936
1167419
1111765
1134209
1119498
1134012
1119135
1117964
1114167
1092970
1090870
1118278
1095775
1087782
../polybench/src/adi.wasm
153883
155738
158749
158207
155657
157440
153501
156755
154684
154409
152896
152853
156660
157483
150709
152920
238851
156794
153779
152475
../polybench/src/bicg.wasm
147390
152411
148879
148081
147596
149504
154180
150735
147847
156494
151278
146517
150068
150415
151697
148792
153065
151631
154869
150222
../polybench/src/cholesky.wasm
1531948
1530558
1568820
1528719
1526715
1596975
1536251
1534098
1533668
1532493
1519860
1531258
1563730
1563564
1562945
1560899
1531499
1531288
1667786
1576386
../polybench/src/correlation.wasm
223139
225456
219937
218758
220249
222143
220761
222176
224708
224471
223590
220321
222004
223845
227565
220448
225206
220130
250268
222578
../polybench/src/covariance.wasm
751734
753298
753785
752070
735535
753387
753753
735308
777676
752941
753447
736143
735777
738639
737693
737617
735988
737786
755266
753639
../polybench/src/doitgen.wasm
288521
296659
289156
286798
294032
290156
290249
294627
288315
404923
289494
289606
296273
324021
293324
287447
294835
296535
288958
288702
../polybench/src/durbin.wasm
116325
115165
112464
110779
109446
110204
111305
115367
111268
110841
114319
111173
111405
110204
112151
113917
111125
113845
111866
113095
../polybench/src/fdtd-2d.wasm
1397365
1446244
1426178
1394605
1369576
1364949
1425824
1393834
1395386
1366154
1505389
1363616
1521901
1394313
1369796
1384427
1366506
1364945
1449527
1455220
../polybench/src/gemm.wasm
777322
795133
792870
792813
778384
776664
775817
775910
775721
775542
777680
773166
797988
778459
794925
774964
775104
776011
775477
793951
../polybench/src/gemver.wasm
283023
288205
286457
282744
277486
278829
285916
277898
276613
276548
280062
276800
279006
279672
299411
431825
288788
277810
283816
288237
../polybench/src/gesummv.wasm
116914
117399
117461
142045
112928
115219
115450
116103
116060
119541
118167
118340
116439
116669
114887
117980
117073
113352
115591
113446
../polybench/src/gramschmidt.wasm
67946
67898
67327
67327
69362
67997
67204
64806
69246
67270
68391
67909
66968
67727
68015
65679
69538
69377
66271
69226
../polybench/src/ludcmp.wasm
2059581
2054046
2055691
2058971
2011993
2013650
2054150
2062457
2059935
2013393
2013059
2009392
2011925
2015616
2010953
2049321
2016388
2140223
2019528
2081412
../polybench/src/lu.wasm
1998925
2044034
2043896
2033844
2033563
1998955
2138951
2262886
2136877
2002592
1998367
2066088
1997190
2069003
1998321
2009702
1996666
1999413
1997826
1998227
../polybench/src/mvt.wasm
187131
188064
185168
188815
189032
218038
186858
185611
189945
187647
193670
184930
187284
190718
186095
191828
186194
190153
192496
192004
../polybench/src/seidel-2d.wasm
147669
145274
150906
148811
152701
149876
147362
145858
147617
149818
148551
151137
153288
153119
148267
145789
145642
146280
148239
283008
../polybench/src/symm.wasm
419650
409070
406328
416464
434477
401052
406911
412759
408224
408168
408872
407455
404278
417930
403685
397618
407639
404787
406459
637590
../polybench/src/syr2k.wasm
644525
658678
644611
663163
659454
657924
731100
645229
646000
649633
645141
798376
644062
644392
780596
656261
658151
660087
643748
645631
../polybench/src/syrk.wasm
516331
529474
529908
516541
518245
517099
516294
516829
516600
552111
515772
517960
526742
519209
528856
518891
530137
517573
517437
515127
../polybench/src/trisolv.wasm
85904
87964
86766
84676
84543
87075
88033
89847
85613
82588
89413
115258
85146
89002
89385
89188
86287
85622
85076
88664
../polybench/src/trmm.wasm
67973
71931
67828
74689
69965
72929
69965
69215
67198
70813
71615
70777
70907
71054
71786
72476
71547
68914
68377
70352
